$ANSIBLE_VAULT;1.1;AES256
38356261393538663033663433653537653064663966366138623365313333303832323131613131
3566643366636636386233366661663536366630653336390a383435383166626234653539616137
35626638633535643562363433333861393438613231323163363233303133666632316333333366
3031313536636431320a633837616532393864313066346361386264373938646266333264396639
66653438323961386562626463623863306130363862366337646237613665643438333162343363
30313136383563356461306361643363646663306130323132663234336262613433373030376163
32643533633762373839313465663766303139326265613133333531336334343939643133343837
30386332666463653139363031633561356661323530343539623766333637653261343061636437
64313534393031336639346639643536343166653463333066313165323961313031353236383435
61656437616464393837373735313731306633663438313638383135386539323633613661623332
66396363376565363965366330383564396238333064613133326431316537613130363566643437
32336665633236393331
